3.07
3.07
3.07
3.063
3.065
3.06
3.053
3.04
3.04
3.04
3.04
3.038
3.035
3.037
3.034
3.034
3.034
3.019
3.016
3.018
3.027
3.026
3.026
3.026
3.026
3.022
3.02
3.028
3.028
3.028
3.028
3.017
3.012
3.012
3.018
3.022
3.022
3.022
3.024
3.023
3.027
3.023
3.023
3.023
3.023
3.024
3.023
3.018
3.016
3.018
3.018
3.018
3.02
3.024
3.026
3.045
3.041
3.041
3.041
3.037
3.042
3.044
3.047
3.052
3.052
3.052
3.032
3.036
3.029
3.028
3.03
3.03
3.03
3.03
3.028
3.028
3.024
3.025
3.025
3.025
3.026
3.026
3.026
3.027
3.031
3.031
3.031
3.037
3.038
3.038
3.04
3.04
3.04
3.05
3.056
3.074
3.081
3.082
3.082
3.082
3.086
3.094
3.105
3.1189999999999998
3.116
3.116
3.116
3.099
3.098
3.106
3.113
3.116
3.116
3.116
3.118
3.134
3.134
3.143
3.163
3.163
3.163
3.197
3.215
3.221
3.231
3.223
3.223
3.223
3.223
3.195
3.199
3.205
3.214
3.214
3.214
3.222
3.21
3.224
3.255
3.278
3.278
3.278
3.299
3.3689999999999998
3.37
3.39
3.39
3.39
3.39
3.388
3.285
3.31
3.31
3.307
3.307
3.307
3.3
3.3
3.306
3.312
3.314
3.314
3.314
3.316
3.321
3.326
3.329
3.333
3.333
3.333
3.335
3.34
3.348
3.3529999999999998
3.373
3.373
3.373
3.383
3.396
3.41
3.443
3.475
3.475
3.475
3.475
3.432
3.416
3.41
3.423
3.423
3.423
3.42
3.4
3.407
3.404
3.416
3.416
3.416
3.423
3.434
3.435
3.435
3.44
3.44
3.44
3.445
3.451
3.453
3.453
3.457
3.457
3.457
3.45
3.453
3.455
3.45
3.45
3.45
3.45
3.45
3.451
3.451
3.453
3.456
3.456
3.456
3.456
3.461
3.471
3.475
3.4779999999999998
3.4779999999999998
3.4779999999999998
3.48
3.484
3.489
3.485
3.488
3.488
3.488
3.492
3.5
3.487
3.485
3.4859999999999998
3.4859999999999998
3.4859999999999998
3.488
3.483
3.49
3.491
3.496
3.496
3.496
3.504
3.509
3.534
3.5380000000000003
3.5380000000000003
3.5380000000000003
3.547
3.5540000000000003
3.556
3.559
3.566
3.566
3.566
3.6
3.6109999999999998
3.6189999999999998
3.622
3.6310000000000002
3.6310000000000002
3.6310000000000002
3.637
3.637
3.643
3.646
3.65
3.65
3.65
3.643
3.648
3.659
3.649
3.658
3.658
3.658
3.689
3.689
3.6879999999999997
3.694
3.717
3.717
3.717
3.718
3.719
3.7119999999999997
3.7119999999999997
3.693
3.693
3.693
3.677
3.673
3.677
3.677
3.677
3.677
3.677
3.68
3.678
3.676
3.6790000000000003
3.684
3.684
3.684
3.689
3.692
3.6959999999999997
3.697
3.6959999999999997
3.6959999999999997
3.6959999999999997
3.7039999999999997
3.715
3.721
3.714
3.714
3.714
3.714
3.695
3.699
3.711
3.722
3.721
3.721
3.721
3.7199999999999998
3.7199999999999998
3.724
3.727
3.7279999999999998
3.7279999999999998
3.7279999999999998
3.726
3.729
3.732
3.7359999999999998
3.737
3.737
3.737
3.737
3.739
3.738
3.7439999999999998
3.749
3.749
3.749
3.745
3.743
3.7439999999999998
3.742
3.757
3.757
3.757
3.759
3.76
3.76
3.759
3.7640000000000002
3.7640000000000002
3.7640000000000002
3.7640000000000002
3.766
3.768
3.768
3.774
3.774
3.774
3.782
3.793
3.792
3.795
3.797
3.797
3.797
3.789
3.797
3.799
3.801
3.803
3.803
3.803
3.803
3.805
3.808
3.808
3.808
3.808
3.808
3.806
3.805
3.807
3.807
3.808
3.808
3.808
3.808
3.808
3.808
3.808
3.808
3.808
3.808
3.81
3.815
3.824
3.8289999999999997
3.83
3.83
3.83
3.826
3.823
3.825
3.825
3.827
3.827
3.827
3.8289999999999997
3.831
3.834
3.8369999999999997
3.84
3.84
3.84
3.84
3.846
3.848
3.849
3.849
3.849
3.849
3.85
3.849
3.848
3.848
3.85
3.85
3.85
3.85
3.8449999999999998
3.846
3.846
3.847
3.847
3.847
3.85
3.852
3.854
3.8529999999999998
3.854
3.854
3.854
3.842
3.831
3.828
3.832
3.839
3.839
3.839
3.836
3.8369999999999997
3.8369999999999997
3.8369999999999997
3.838
3.838
3.838
3.841
3.843
3.843
3.844
3.844
3.844
3.844
3.839
3.834
3.834
3.833
3.828
3.828
3.828
3.828
3.824
3.822
3.819
3.8209999999999997
3.8209999999999997
3.8209999999999997
3.8209999999999997
3.82
3.8209999999999997
3.822
3.82
3.82
3.82
3.82
3.82
3.82
3.819
3.819
3.819
3.819
3.819
3.818
3.818
3.816
3.816
3.816
3.816
3.816
3.814
3.8129999999999997
3.814
3.814
3.814
3.815
3.8129999999999997
3.809
3.803
3.8
3.8
3.8
3.798
3.802
3.803
3.8040000000000003
3.809
3.809
3.809
3.811
3.8120000000000003
3.81
3.809
3.807
3.807
3.807
3.803
3.803
3.798
3.8
3.803
3.803
3.803
3.811
3.811
3.81
3.82
3.8129999999999997
3.8129999999999997
3.8129999999999997
3.808
3.799
3.795
3.791
3.791
3.791
3.791
3.8
3.825
3.799
3.8
3.8
3.8
3.8
3.799
3.8
3.809
3.794
3.8
3.8
3.8
3.794
3.794
3.797
3.797
3.797
3.797
3.797
3.801
3.8040000000000003
3.808
3.806
3.806
3.806
3.806
3.814
3.815
3.819
3.836
3.836
3.836
3.836
3.832
3.835
3.842
3.838
3.838
3.838
3.841
3.843
3.847
3.85
3.854
3.854
3.854
3.857
3.856
3.858
3.859
3.859
3.859
3.864
3.859
3.86
3.859
3.859
3.859
3.859
3.858
3.855
3.856
3.856
3.859
3.859
3.859
3.859
3.862
3.858
3.859
3.86
3.86
3.86
3.863
3.8609999999999998
3.862
3.863
3.864
3.864
3.864
3.864
3.865
3.865
3.867
3.868
3.868
3.868
3.873
3.875
3.878
3.878
3.878
3.878
3.878
3.879
3.88
3.875
3.877
3.876
3.876
3.876
3.878
3.878
3.877
3.871
3.8689999999999998
3.8689999999999998
3.8689999999999998
3.87
3.871
3.871
3.871
3.873
3.873
3.873
3.872
3.878
3.88
3.883
3.887
3.887
3.887
3.888
3.895
3.895
3.896
3.895
3.895
3.895
3.895
3.896
3.894
3.895
3.8970000000000002
3.8970000000000002
3.8970000000000002
3.903
3.91
3.9050000000000002
3.9050000000000002
3.906
3.906
3.906
3.906
3.906
3.911
3.911
3.92
3.92
3.92
3.93
3.925
3.919
3.924
3.924
3.924
3.923
3.916
3.917
3.918
3.923
3.923
3.923
3.925
3.925
3.926
3.926
3.926
3.926
3.926
3.926
3.9290000000000003
3.927
3.931
3.931
3.931
3.931
3.933
3.931
3.931
3.934
3.934
3.934
3.934
3.936
3.9370000000000003
3.9370000000000003
3.9370000000000003
3.9370000000000003
3.9370000000000003
3.936
3.934
3.935
3.935
3.934
3.934
3.934
3.935
3.934
3.934
3.932
3.931
3.931
3.931
3.932
3.933
3.935
3.9370000000000003
3.941
3.941
3.941
3.9379999999999997
3.933
3.932
3.933
3.932
3.932
3.932
3.933
3.934
3.934
3.933
3.933
3.933
3.933
3.933
3.933
3.936
3.9379999999999997
3.9379999999999997
3.9379999999999997
3.9379999999999997
3.939
3.942
3.944
3.944
3.944
3.944
3.944
3.95
3.95
3.949
3.9459999999999997
3.945
3.945
3.945
3.947
3.9459999999999997
3.945
3.945
3.945
3.945
3.948
3.949
3.949
3.949
3.951
3.951
3.951
3.95
3.951
3.951
3.953
3.96
3.96
3.96
3.972
3.973
3.963
3.96
3.961
3.961
3.961
3.96
3.958
3.96
3.957
3.956
3.956
3.956
3.956
3.955
3.952
3.947
3.955
3.955
3.955
3.955
3.957
3.958
3.957
3.956
3.956
3.956
3.955
3.958
3.958
3.957
3.958
3.958
3.958
3.959
3.958
3.957
3.958
3.958
3.958
3.958
3.963
3.9619999999999997
3.961
3.964
3.964
3.964
3.9699999999999998
3.974
3.973
3.973
3.974
3.974
3.974
3.974
3.973
3.973
3.982
3.982
3.982
3.9859999999999998
3.989
3.983
3.98
3.977
3.977
3.977
3.9779999999999998
3.9779999999999998
3.9779999999999998
3.977
3.975
3.975
3.975
3.973
3.973
3.972
3.975
3.973
3.973
3.973
3.975
3.973
3.972
3.977
3.977
3.977
3.977
3.985
3.981
3.977
3.975
3.975
3.975
3.975
3.973
3.973
3.972
3.972
3.979
3.979
3.979
3.9779999999999998
3.9779999999999998
3.975
3.977
3.9779999999999998
3.9779999999999998
3.9779999999999998
3.983
3.983
3.983
3.983
3.983
3.983
3.985
3.989
3.99
3.995
4.001
4.001
4.001
4.008
4.009
4.017
4.015
4.017
4.017
4.017
4.019
4.017
4.017
4.02
4.022
4.022
4.022
4.023
4.024
4.023
4.024
4.026
4.026
4.026
4.027
4.028
4.028
4.029
4.029
4.029
4.03
4.031
4.03
4.029
4.03
4.03
4.03
4.03
4.03
4.033
4.031
4.028
4.028
4.028
4.029
4.035
4.039
4.039
4.039
4.039
4.039
4.041
4.041
4.042
4.042
4.042
4.042
4.042
4.043
4.047
4.05
4.054
4.054
4.054
4.054
4.052
4.053
4.053
4.053
4.05
4.05
4.05
4.05
4.056
4.057
4.066
4.07
4.07
4.07
4.074
4.076
4.078
4.078
4.078
4.078
4.078
4.081
4.082
4.085
4.08
4.08
4.08
4.08
4.079
4.078
4.079
4.079
4.081
4.081
4.081
4.082
4.081
4.083
4.082
4.083
4.083
4.083
4.084
4.084
4.086
4.087
4.086
4.086
4.086
4.086
4.086
4.086
4.086
4.086
4.086
4.086
4.09
4.091
4.089
4.09
4.091
4.091
4.091
4.091
4.092
4.092
4.093
4.092
4.092
4.092
4.092
4.092
4.094
4.094
4.095
4.095
4.095
4.095
4.098
4.098
4.099
4.101
4.101
4.101
4.102
4.104
4.111
4.11
4.109
4.109
4.109
4.116
4.118
4.121
4.12
4.12
4.12
4.122
4.123
4.121
4.122
4.125
4.125
4.125
4.128
4.136
4.136
4.139
4.14
4.14
4.14
4.135
4.1370000000000005
4.139
4.143
4.145
4.145
4.145
4.147
4.148
4.151
4.154
4.156
4.156
4.156
4.154
4.156
4.157
4.158
4.158
4.158
4.158
4.161
4.163
4.167
4.174
4.178
4.178
4.178
4.178
4.184
4.186
4.185
4.184
4.184
4.184
4.189
4.196
4.2
4.23
4.202
4.202
4.202
4.21
4.207
4.207
4.202
4.203
4.203
4.203
4.204
4.205
4.203
4.205
4.205
4.205
4.205
4.204
4.188
4.189
4.2
4.205
4.205
4.205
4.205
4.205
4.205
4.205
4.205
4.205
4.205
4.205
4.205
4.208
4.21
4.21
4.21
4.21
4.21
4.211
4.211
4.213
4.216
4.216
4.216
4.226
4.225
4.235
4.235
4.235
4.235
4.235
4.236
4.236
4.236
4.237
4.236
4.236
4.236
4.236
4.241
4.25
4.249
4.254
4.254
4.254
4.26
4.26
4.263
4.263
4.275
4.263
4.257
4.256
4.257
4.257
4.257
4.258
4.259
4.2620000000000005
4.264
4.264
4.264
4.264
4.2780000000000005
4.281
4.282
4.282
4.282
4.282
4.286
4.2780000000000005
4.2780000000000005
4.2780000000000005
4.2780000000000005
4.2780000000000005
4.2780000000000005
4.279
4.279
4.281
4.285
4.29
4.29
4.29
4.293
4.292
4.292
4.292
4.293
4.293
4.293
4.293
4.298
4.303
4.303
4.305
4.305
4.305
4.304
4.306
4.311
4.317
4.317
4.317
4.313
4.313
4.312
4.312
4.312
4.312
4.312
4.314
4.318
4.32
4.321
4.323
4.323
4.323
4.328
4.334
4.338
4.336
4.334
4.334
4.334
4.336
4.336
4.334
4.333
4.333
4.333
4.333
4.336
4.338
4.343
4.346
4.345
4.345
4.345
4.345
4.349
4.351
4.353
4.354
4.354
4.354
4.354
4.354
4.354
4.354
4.355
4.355
4.355
4.355
4.355
4.357
4.346
4.334
4.334
4.334
4.335
4.336
4.336
4.339
4.343
4.343
4.343
4.348
4.353
4.357
4.351
4.36
4.36
4.36
4.364
4.365
4.367
4.366
4.369
4.369
4.369
4.371
4.374
4.374
4.377
4.379
4.379
4.379
4.379
4.381
4.388
4.388
4.388
4.388
4.388
4.384
4.384
4.39
4.394
4.396
4.396
4.396
4.395
4.397
4.401
4.404
4.405
4.405
4.405
4.407
4.411
4.414
4.414
4.418
4.418
4.418
4.418
4.418
4.427
4.427
4.429
4.429
4.429
4.437
4.438
4.439
4.439
4.44
4.44
4.44
4.442
4.442
4.447
4.451
4.458
4.458
4.458
4.465
4.467
4.469
4.47
4.47
4.47
4.47
4.47
4.47
4.47
4.47
4.47
4.47
4.474
4.484
4.496
4.484
4.486
4.486
4.486
4.49
4.49
4.493
4.494
4.496
4.496
4.496
4.5
4.502
4.502
4.508
4.5120000000000005
4.5120000000000005
4.5120000000000005
4.514
4.515
4.518
4.524
4.527
4.527
4.527
4.525
4.524
4.529
4.535
4.535
4.535
4.535
4.538
4.541
4.545
4.546
4.546
4.546
4.548
4.552
4.556
4.5600000000000005
4.564
4.564
4.564
4.57
4.573
4.569
4.574
4.58
4.58
4.58
4.579
4.585
4.586
4.586
4.589
4.589
4.589
4.592
4.596
4.598
4.598
4.601
4.601
4.601
4.605
4.606
4.609
4.611
4.615
4.615
4.615
4.615
4.617
4.616
4.617
4.625
4.625
4.625
4.629
4.632
4.629
4.633
4.638
4.638
4.638
4.649
4.652
4.655
4.661
4.661
4.661
4.661
4.66
4.661
4.665
4.671
4.671
4.671
4.673
4.677
4.681
4.681
4.686
4.686
4.686
4.686
4.688
4.689
4.692
4.697
4.697
4.697
4.698
4.7
4.703
4.7059999999999995
4.709
4.709
4.709
4.709
4.713
4.714
4.72
4.723
4.723
4.723
4.727
4.731
4.732
4.735
4.7379999999999995
4.7379999999999995
4.7379999999999995
4.742
4.743
4.748
4.752
4.752
4.752
4.752
4.757
4.763
4.766
4.769
4.769
4.769
4.769
4.77
4.77
4.77
4.774
4.7780000000000005
4.7780000000000005
4.7780000000000005
4.78
4.783
4.788
4.7940000000000005
4.8
4.8
4.8
4.805
4.807
4.816
4.818
4.818
4.818
4.818
4.824
4.83
4.8309999999999995
4.837
4.837
4.837
4.842
4.8469999999999995
4.851
4.858
4.861
4.861
4.861
4.8629999999999995
4.868
4.871
4.874
4.878
4.878
4.878
4.883
4.888
4.897
4.9
4.904
4.904
4.904
4.904
4.904
4.909
4.913
4.913
4.913
4.913
4.918
4.918
4.925
4.927
4.926
4.926
4.926
4.931
4.931
4.936
4.938
4.942
4.942
4.942
4.947
4.949
4.948
4.95
4.95
4.95
4.95
4.957
4.964
4.962
4.965
4.965
4.965
4.9719999999999995
4.976
4.978
4.978
4.985
4.985
4.985
4.982
4.984
4.987
4.995
4.996
4.996
4.996
4.996
4.996
5.003
5.004
5.011
5.011
5.011
5.022
5.022
5.029
5.03
5.03
5.03
5.034
5.038
5.041
5.045
5.048
5.048
5.048
5.053
5.057
5.06
5.063
5.065
5.065
5.065
5.075
5.078
5.08
5.085
5.092
5.092
5.092
5.095
5.095
5.095
5.102
5.11
5.11
5.11
5.117
5.12
5.123
5.123
5.123
5.123
5.123
5.123
5.123
5.13
5.134
5.133
5.133
5.133
5.133
5.136
5.14
5.143
5.149
5.149
5.149
5.152
5.155
5.156
5.159
5.163
5.163
5.163
5.167
5.171
5.174
5.173
5.178
5.178
5.178
5.18
5.188
5.188
5.193
5.198
5.198
5.198
5.207
5.209
5.214
5.221
5.229
5.229
5.229
5.233
5.235
5.233
5.232
5.236
5.236
5.236
5.245
5.248
5.255
5.263
5.266
5.266
5.266
5.27
5.276
5.279
5.284
5.284
5.284
5.287
5.289
5.292
5.301
5.3
5.3
5.3
5.305
5.31
5.318
5.327
5.33
5.33
5.33
5.338
5.34
5.349
5.349
5.349
5.349
5.349
5.361
5.362
5.369
5.377
5.3870000000000005
5.3870000000000005
5.3870000000000005
5.389
5.393
5.398
5.4030000000000005
5.4030000000000005
5.4030000000000005
5.407
5.407
5.413
5.419
5.426
5.426
5.426
5.429
5.434
5.439
5.451
5.462
5.462
5.462
5.46
5.46
5.463
5.481
5.48
5.48
5.48
5.495
5.499
5.505
5.511
5.514
5.514
5.514
5.521
5.526
5.529
5.539
5.541
5.541
5.541
5.551
5.562
5.567
5.579
5.59
5.59
5.59
5.59
5.595
5.603
5.614
5.623
5.623
5.623
5.632
5.642
5.649
5.66
5.671
5.671
5.671
5.671
5.6899999999999995
5.702
5.699
5.7
5.7
5.7
5.704
5.712
5.72
5.719
5.725
5.725
5.725
5.732
5.742
5.75
5.757
5.76
5.76
5.76
5.771
5.77
5.771
5.783
5.79
5.79
5.79
5.79
5.799
5.803
5.812
5.812
5.812
5.812
5.821
5.821
5.822
5.829
5.832
5.832
5.832
5.832
5.838
5.84
5.85
5.853
5.853
5.853
5.862
5.8629999999999995
5.864
5.87
5.886
5.886
5.886
5.888
5.894
5.907
5.911
5.931
5.931
5.931
5.943
5.955
5.955
5.943
5.964
5.964
5.964
5.964
5.976
5.976
5.989
5.994
5.994
5.994
6.004
6.039
6.045
6.058
6.082
6.082
6.082
6.082
6.094
6.11
6.11
6.141
6.141
6.141
6.158
6.179
6.198
6.226
6.241
6.241
6.241
6.248
6.264
6.277
6.28
6.289
6.289
6.289
6.315
6.332
6.378
6.397
6.424
6.424
6.424
6.44
6.44
6.44
6.4719999999999995
6.49
6.49
6.49
6.52
6.52
6.52
6.5440000000000005
6.554
6.554
6.554
6.595
6.598
6.604
6.626
6.663
6.663
6.663
6.694
6.709
6.755
6.773
6.796
6.796
6.796
6.796
6.885
7.14
7.75
8.01
8.01
8.01
8.005
8.0
8.0
8.01
8.019
8.019
8.019
8.005
8.006
7.9
7.87
7.84
7.84
7.84
7.82
7.8
7.8
7.791
7.761
7.761
7.761
7.761
7.769
7.78
7.816
7.84
7.84
7.84
7.855
7.868
7.881
7.877
7.874
7.874
7.874
7.874
7.874
7.88
7.871
7.861
7.861
7.861
7.86
7.87
7.877
7.888
7.9
7.9
7.9
7.92
7.9559999999999995
7.953
7.965
7.973
7.973
7.973
7.973
8.005
8.0
8.0
8.003
8.003
8.003
8.001
8.002
8.002
8.0
8.0
8.0
8.0
8.0
8.001
8.0
8.0
8.0
8.0
8.0
8.0
8.0
8.001
8.001
8.001
8.001
8.001
8.0
8.001
8.0
8.0
8.0
8.0
8.0
8.001
8.001
8.002
8.002
8.002
8.002
8.002
8.001
8.0
8.001
8.002
8.004
8.004
8.004
8.01
8.021
8.036
8.053
8.054
8.054
8.054
8.057
8.06
8.062
8.063
8.064
8.064
8.064
8.064
8.071
8.074
8.075
8.08
8.08
8.08
8.085
8.095
8.105
8.13
8.13
8.13
8.13
8.129
8.13
8.129
8.129
8.13
8.13
8.13
8.129
8.129
8.13
8.13
8.13
8.13
8.13
8.13
8.13
8.132
8.132
8.131
8.131
8.131
8.133
8.135
8.137
8.138
8.138
8.138
8.138
8.14
8.142
8.142
8.146
8.15
8.15
8.15
8.15
8.15
8.153
8.155
8.16
8.16
8.16
8.16
8.165
8.169
8.174
8.178
8.178
8.178
8.182
8.192
8.2
8.211
8.236
8.236
8.236
8.26
8.267
8.269
8.269
8.27
8.27
8.27
8.27
8.271
8.273
8.276
8.28
8.28
8.28
8.28
8.286
8.323
8.395
8.405
8.405
8.405
8.405
8.406
8.401
8.405
8.401
8.401
8.401
8.401
8.41
8.411
8.401
8.414
8.414
8.414
8.4
8.4
8.4
8.401
8.402
8.402
8.402
8.402
8.403
8.417
8.415
8.415
8.415
8.415
8.426
8.418
8.42
8.422
8.435
8.435
8.435
8.45
8.43
8.44
8.442
8.45
8.45
8.45
8.455
8.454
8.465
8.468
8.465
8.465
8.465
8.465
8.472
8.473
8.474
8.475999999999999
8.475999999999999
8.475999999999999
8.488
8.487
8.489
8.489
8.492
8.492
8.492
8.5
8.501
8.501
8.5
8.5
8.5
8.5
8.508
8.507
8.508
8.508
8.509
8.509
8.509
8.509
8.509
8.51
8.51
8.511
8.511
8.511
8.512
8.512
8.514
8.514
8.516
8.516
8.516
8.516
8.523
8.522
8.522
8.523
8.523
8.523
8.532
8.54
8.542
8.548
8.55
8.55
8.55
8.55
8.55
8.55
8.55
8.55
8.55
8.55
8.55
8.55
8.551
8.55
8.551
8.551
8.551
8.55
8.55
8.551
8.551
8.551
8.551
8.551
8.55
8.55
8.55
8.55
8.555
8.555
8.555
8.561
8.571
8.585
8.592
8.59
8.59
8.59
8.591
8.593
8.594
8.596
8.600999999999999
8.600999999999999
8.600999999999999
8.600999999999999
8.611
8.616
8.621
8.624
8.624
8.624
8.625
8.629
8.631
8.637
8.643
8.643
8.643
8.656
8.661
8.66
8.659
8.659
8.659
8.659
8.666
8.672
8.677
8.681000000000001
8.684
8.684
8.684
8.684
8.684
8.688
8.697
8.703
8.703
8.703
8.71
8.718
8.722
8.721
8.725999999999999
8.725999999999999
8.725999999999999
8.732
8.738
8.744
8.75
8.758
8.758
8.758
8.763
8.77
8.777
8.78
8.782
8.782
8.782
8.783
8.787
8.79
8.793
8.799
8.799
8.799
8.799
8.799
8.801
8.805
8.81
8.81
8.81
8.816
8.822
8.826
8.826
8.826
8.826
8.826
8.831
8.835
8.84
8.844
8.849
8.849
8.849
8.856
8.858
8.866
8.865
8.865
8.865
8.865
8.871
8.874
8.879
8.885
8.89
8.89
8.89
8.895
8.897
8.901
8.907
8.907
8.907
8.907
8.912
8.917
8.922
8.924
8.928
8.928
8.928
8.933
8.936
8.939
8.945
8.947
8.947
8.947
8.953
8.957
8.962
8.968
8.971
8.971
8.971
8.971
8.978
8.981
8.986
8.991
8.991
8.991
8.996
9.0
9.006
9.009
9.014
9.014
9.014
9.018
9.023
9.029
9.032
9.036
9.036
9.036
9.041
9.044
9.05
9.052
9.056
9.056
9.056
9.061
9.064
9.069
9.073
9.078
9.078
9.078
9.082
9.088
9.093
9.097
9.104
9.104
9.104
9.108
9.113
9.118
9.118
9.123
9.123
9.123
9.128
9.132
9.136
9.142
9.145
9.145
9.145
9.151
9.156
9.161
9.165
9.168
9.168
9.168
9.173
9.177
9.182
9.187
9.19
9.19
9.19
9.195
9.2
9.205
9.209
9.214
9.214
9.214
9.22
9.226
9.231
9.237
9.24
9.24
9.24
9.24
9.245
9.251
9.254
9.259
9.259
9.259
9.267
9.272
9.279
9.284
9.29
9.29
9.29
9.296
9.304
9.31
9.317
9.322
9.322
9.322
9.322
9.336
9.343
9.349
9.354
9.354
9.354
9.359
9.365
9.371
9.376
9.381
9.381
9.381
9.386
9.39
9.398
9.404
9.407
9.407
9.407
9.41
9.416
9.422
9.43
9.437
9.437
9.437
9.444
9.451
9.455
9.46
9.464
9.464
9.464
9.464
9.474
9.477
9.483
9.49
9.49
9.49
9.497
9.503
9.508
9.514
9.519
9.519
9.519
9.527
9.532
9.538
9.542
9.546
9.546
9.546
9.555
9.564
9.571
9.58
9.58
9.58
9.58
9.586
9.596
9.596
9.614
9.623
9.623
9.623
9.632
9.64
9.648
9.657
9.666
9.666
9.666
9.671
9.673
9.678
9.678
9.678
9.678
9.678
9.688
9.698
9.709
9.719
9.73
9.73
9.73
9.73
9.73
9.736
9.751
9.771
9.771
9.771
9.785
9.805
9.826
13.4
13.249
13.249
13.249
12.86
12.96
13.0
13.08
13.08
13.08
13.08
12.98
12.963
12.98
13.1
13.1
13.1
13.1
13.2
13.64
13.88
13.89
13.88
13.88
13.88
13.65
13.59
13.54
13.23
13.401
13.401
13.401
13.401
13.43
13.5
13.6
13.735
13.735
13.735
13.795
13.855
13.88
13.84
13.96
13.96
13.96
14.125
14.131
14.16
14.23
14.361
14.361
14.361
14.361
14.361
14.5
14.64
14.73
14.73
14.73
14.73
14.838
14.99
15.06
15.06
15.06
15.06
15.29
15.25
15.35
15.39
15.465
15.465
15.465
15.8
15.79
15.66
15.2
15.203
15.203
15.203
15.405
15.449
15.37
15.33
14.84
14.84
14.84
14.8
14.52
14.61
14.95
14.76
14.76
14.76
14.47
14.39
14.5
14.5
14.5
14.5
14.5
14.83
14.63
14.6
14.65
14.79
14.79
14.79
14.73
14.68
14.604
14.455
14.48
14.48
14.48
14.52
14.455
14.395
14.31
14.0
14.0
14.0
14.135
14.185
14.34
14.275
14.3
14.3
14.3
14.323
14.307
14.19
14.3
14.25
14.25
14.25
14.19
14.199
14.24
14.24
14.207
14.207
14.207
14.235
14.23
14.21
14.17
14.151
14.151
14.151
14.137
14.14
14.135
14.1
14.03
14.03
14.03
13.99
14.05
14.05
14.0
13.915
13.915
13.915
13.915
13.991
13.948
13.9
13.850999999999999
13.850999999999999
13.850999999999999
13.8
13.84
13.92
13.83
13.8
13.8
13.8
13.8
13.749
13.745
13.92
13.92
13.92
13.92
13.92
13.97
14.07
14.45
14.9
14.9
14.9
15.3
14.9
14.98
15.04
14.95
14.95
14.95
14.95
14.8
14.695
14.725
14.725
14.725
14.725
14.645
14.56
14.57
14.72
14.95
14.95
14.95
15.14
15.0
15.07
15.0
14.91
14.91
14.91
14.945
14.95
14.999
15.041
15.001
15.001
15.001
14.945
14.85
14.87
14.85
14.79
14.79
14.79
14.67
14.78
14.671
14.66
14.67
14.67
14.67
14.67
14.67
14.79
14.94
14.918
14.918
14.918
14.81
14.84
14.856
14.89
15.0
15.0
15.0
15.1
15.025
14.92
14.89
14.989
14.989
14.989
14.989
15.02
15.05
15.07
14.98
14.98
14.98
14.945
15.0
15.03
15.065
15.133
15.133
15.133
15.15
15.144
15.14
15.164
15.175
15.175
15.175
15.24
15.282
15.39
15.375
15.305
15.305
15.305
15.195
15.17
15.19
15.21
15.185
15.185
15.185
15.185
15.17
15.07
15.135
15.175
15.175
15.175
15.198
15.208
15.195
15.155
15.133
15.133
15.133
15.146
15.23
15.205
15.174
15.19
15.19
15.19
15.15
15.079
15.12
15.1
15.06
15.06
15.06
15.05
14.93
14.92
15.03
15.03
15.03
15.03
15.65
15.51
15.5
15.48
15.475
15.475
15.475
15.381
15.45
15.549
15.549
15.545
15.545
15.545
15.545
15.7
15.868
15.84
15.94
15.94
15.94
15.871
15.92
15.985
15.985
15.985
15.985
15.985
16.03
15.966
15.974
15.965
15.9
15.9
15.9
15.84
15.849
15.79
15.73
15.497
15.497
15.497
15.497
15.55
15.75
15.928
15.89
15.89
15.89
15.89
15.945
16.08
15.96
15.81
15.81
15.81
15.885
15.85
15.85
15.81
15.853
15.853
15.853
15.853
15.909
15.975
15.9
15.915
15.915
15.915
15.94
15.93
15.955
15.918
15.9
15.9
15.9
15.922
15.897
15.8
15.68
15.62
15.62
15.62
15.78
15.675
15.675
15.61
15.54
15.54
15.54
15.495
15.47
15.36
15.435
15.68
15.68
15.68
15.68
15.59
15.565
15.5
15.48
15.48
15.48
15.48
15.48
15.42
15.4
15.45
15.45
15.45
15.48
15.55
15.645
15.53
15.48
15.48
15.48
15.54
15.535
15.571
15.53
15.56
15.56
15.56
15.63
15.605
15.62
15.59
15.59
15.59
15.59
15.565
15.538
15.43
15.41
15.39
15.39
15.39
15.395
15.35
15.362
15.39
15.349
15.349
15.349
15.3
15.265
15.19
15.19
15.19
15.19
15.19
15.203
15.299
15.401
15.389
15.49
15.49
15.49
15.39
15.42
15.48
15.42
15.4
15.4
15.4
15.4
15.3
15.29
15.31
15.361
15.361
15.361
15.47
15.525
15.51
15.435
15.439
15.439
15.439
15.53
15.57
15.61
16.0
16.05
16.05
16.05
16.185
16.09
16.09
16.09
16.005
16.005
16.005
16.005
16.14
16.1
16.06
16.0
16.0
16.0
15.995
16.01
15.99
15.9
15.91
15.91
15.91
15.925
15.89
15.872
15.98
16.04
16.04
16.04
16.15
16.15
16.215
16.145
16.179
16.179
16.179
16.32
16.395
16.45
16.5
16.601
16.601
16.601
16.85
16.85
17.14
17.08
16.98
16.98
16.98
16.995
17.001
16.949
16.95
16.85
16.85
16.85
16.93
17.12
17.15
17.22
17.42
17.42
17.42
17.43
17.48
17.5
17.64
17.8
17.8
17.8
17.64
17.584
17.6
17.67
17.67
17.67
17.67
17.701
17.723
17.7
17.705
17.71
17.71
17.71
17.135
17.065
17.21
17.36
17.272
17.272
17.272
17.272
17.21
17.23
17.21
17.22
17.22
17.22
17.23
17.399
17.4
17.31
17.2
17.2
17.2
17.2
17.24
17.215
17.195
17.2
17.2
17.2
17.15
17.07
17.07
16.99
16.975
16.975
16.975
17.12
17.14
17.195
17.27
17.301
17.301
17.301
17.525
17.58
17.56
17.48
17.33
17.33
17.33
17.405
17.415
17.357
17.405
17.445
17.445
17.445
17.445
17.425
17.418
17.415
17.344
17.344
17.344
17.344
17.33
17.345
17.46
17.42
17.42
17.42
17.415
17.5
17.49
17.66
17.625
17.625
17.625
17.7
17.66
17.61
17.52
17.64
17.64
17.64
17.64
17.65
17.52
17.515
17.496
17.496
17.496
17.5
17.495
17.5
17.484
17.483
17.483
17.483
17.483
17.49
17.43
17.43
17.35
17.35
17.35
17.323
17.38
17.43
17.301
17.23
17.23
17.23
17.355
17.29
17.255
17.28
17.28
17.28
17.28
17.237
17.345
17.28
17.45
17.515
17.515
17.515
17.572
17.7
17.76
17.935
18.07
18.07
18.07
18.07
18.335
18.436
19.2
18.649
18.649
18.649
18.649
18.41
18.445
18.63
18.903
18.903
18.903
19.03
18.94
18.62
18.71
18.69
18.69
18.69
18.69
18.9
18.85
18.87
18.995
18.995
18.995
19.146
19.335
19.68
19.56
19.57
19.57
19.57
19.58
19.635
19.65
19.38
19.5
19.5
19.5
19.47
19.56
19.695
19.97
19.98
19.98
19.98
19.98
19.98
19.9
19.66
19.76
19.76
19.76
19.76
19.85
19.925
19.95
19.98
19.98
19.98
20.19
20.28
20.11
20.151
20.29
20.29
20.29
20.22
20.34
20.41
20.36
20.24
20.24
20.24
20.2
20.22
20.24
20.345
20.19
20.19
20.19
20.2
20.265
20.27
20.225
20.19
20.19
20.19
20.19
20.168
20.149
20.149
20.149
20.149
20.149
20.149
20.18
20.18
20.2
20.18
20.18
20.18
20.19
20.164
20.168
20.21
20.22
20.22
20.22
20.22
20.181
20.135
20.16
20.19
20.19
20.19
20.26
20.26
20.252
20.55
20.535
20.535
20.535
20.535
20.535
21.2
23.0
21.8
21.8
21.8
21.969
22.4
22.73
22.71
23.26
23.26
23.26
24.99
24.05
24.29
24.32
24.43
24.43
24.43
24.389
24.32
24.475
24.6
24.6
24.6
24.6
24.6
24.84
24.93
24.96
24.98
24.98
24.98
24.97
24.96
24.9
24.985
25.31
25.31
25.31
26.0
25.75
26.001
27.7
28.1
28.1
28.1
27.58
27.78
27.78
27.5
27.01
27.01
27.01
27.07
27.1
27.44
28.12
28.85
28.85
28.85
28.3
27.8
27.8
28.05
27.9
27.9
27.9
27.9
27.37
27.39
27.23
27.21
27.21
27.21
27.36
27.55
27.598
27.75
27.58
27.58
27.58
27.62
27.48
27.39
27.41
27.325
27.325
27.325
27.255
27.41
27.525
27.45
27.29
27.29
27.29
27.33
27.395
27.65
28.11
29.25
29.25
29.25
29.925
29.61
30.0
29.8
29.85
29.85
29.85
29.85
30.0
30.25
30.49
30.9
30.9
30.9
30.97
31.35
33.8
37.6
36.85
36.85
36.85
36.85
38.88
38.4
37.35
36.99
36.99
36.99
37.38
37.941
38.25
39.55
39.86
39.86
39.86
39.53
39.731
39.21
38.2
37.15
37.15
37.15
37.3
38.1
38.51
39.7
41.25
41.25
41.25
39.55
38.1
37.69
38.3
37.84
37.84
37.84
37.84
37.12
37.25
36.57
36.75
36.75
36.75
36.75
36.0
36.18
36.65
36.54
36.54
36.54
36.46
36.59
37.0
36.79
36.84
36.84
36.84
36.9
36.715
35.95
35.67
35.49
35.49
35.49
35.65
35.65
35.67
35.5
35.38
35.38
35.38
35.38
36.05
35.9
36.05
35.93
35.93
35.93
35.93
36.18
36.255
36.255
37.5
37.5
37.5
39.05
38.55
38.46
37.72
37.72
37.72
37.72
36.5
37.4
37.45
37.7
37.4
37.4
37.4
37.66
37.8
37.59
37.83
38.073
38.073
38.073
38.26
38.26
38.37
38.05
37.975
37.975
37.975
37.975
37.975
38.6
38.3
37.7
37.7
37.7
37.7
37.7
37.65
37.45
37.37
37.37
37.37
37.305
37.6
37.37
37.08
36.9
36.9
36.9
37.0
37.1
37.5
37.71
37.58
37.58
37.58
37.58
37.53
37.56
37.4
37.03
37.03
37.03
37.15
37.7
37.51
37.35
37.17
37.17
37.17
37.19
37.2
37.52
37.82
37.85
37.85
37.85
37.91
37.99
38.22
38.22
38.62
38.62
38.62
38.62
39.27
39.67
39.53
39.22
39.22
39.22
39.049
38.87
38.82
39.15
39.81
39.81
39.81
39.81
39.81
40.75
42.5
41.2
41.2
41.2
41.3
41.5
41.2
40.77
40.0
40.0
40.0
40.05
40.5
40.85
41.075
41.8
41.8
41.8
42.08
42.64
43.87
43.63
43.345
43.345
43.345
42.715
42.715
42.87
43.41
43.93
43.93
43.93
43.65
43.35
43.01
42.75
42.18
42.18
42.18
41.62
42.39
41.9
41.9
41.9
41.9
41.9
42.48
42.4
43.95
44.905
45.97
45.97
45.97
44.325
44.15
44.15
44.8
44.44
44.44
44.44
44.65
45.33
45.1
45.25
44.8
44.8
44.8
45.1
44.97
45.0
44.79
45.0
45.0
45.0
45.19
44.77
44.9
45.09
44.82
44.82
44.82
44.82
44.69
44.45
44.55
44.76
44.76
44.76
44.87
44.71
44.9
44.93
44.85
44.85
44.85
44.9
44.7
43.67
43.37
43.97
43.97
43.97
43.97
43.48
43.3
43.3
42.79
42.79
42.79
42.44
42.38
42.73
42.7
42.45
42.45
42.45
42.37
42.2
42.03
42.03
41.85
41.85
41.85
41.85
41.85
41.82
41.7
41.6
41.6
41.6
42.4
42.661
42.5
42.455
42.42
42.42
42.42
42.45
42.66
42.871
43.37
43.35
43.35
43.35
43.83
43.931
43.87
44.36
44.65
44.65
44.65
45.49
45.299
45.59
45.22
45.25
45.25
45.25
53.5
55.8
60.4
57.25
55.0
55.0
55.0
55.0
54.75
55.02
55.09
55.15
55.15
55.15
55.29
56.3
58.1
57.9
59.51
59.51
59.51
59.51
55.98
56.0
56.01
55.82
55.82
55.82
56.02
56.01
56.18
56.12
56.11
56.11
56.11
56.28
56.51
56.52
56.57
56.67
56.67
56.67
56.921
56.87
57.04
57.21
57.32
57.32
57.32
57.595
57.64
57.82
57.735
57.73
57.73
57.73
57.84
57.85
57.99
57.985
58.05
58.05
58.05
58.05
58.27
58.348
58.319
58.35
58.35
58.35
58.51
58.65
59.0
59.45
59.99
59.99
59.99
59.5
59.47
59.72
59.67
59.75
59.75
59.75
59.7
59.65
59.65
59.6
59.504
59.504
59.504
59.504
59.7
59.72
59.72
59.67
59.67
59.67
59.67
59.69
59.73
59.8
59.77
59.77
59.77
59.71
59.94
59.77
59.77
59.94
59.94
59.94
59.975
59.925
59.88
59.985
59.94
59.94
59.94
59.945
59.85
59.815
59.815
59.816
59.816
59.816
59.815
59.815
59.815
59.815
59.815
59.815
59.815
59.99
59.99
59.99
59.89
59.83
59.83
59.83
59.89
59.89
59.89
59.815
59.815
59.815
59.815
59.815
59.815
59.815
59.815
59.816
59.816
59.816
59.95
60.06
59.95
59.975
60.005
60.005
60.005
60.005
60.1
60.07
60.08
60.091
60.091
60.091
60.17
60.18
60.23
60.25
60.35
60.35
60.35
60.46
60.58
60.59
60.69
60.78
60.78
60.78
60.978
61.119
61.229
61.389
61.459
61.459
61.459
61.459
61.662
61.729
61.789
61.839
61.839
61.839
61.839
61.839
62.089
62.139
62.21
62.21
62.21
62.259
62.309
62.359
62.419
62.48
62.48
62.48
62.53
62.589
62.67
62.819
62.899
62.899
62.899
63.039
63.179
63.33
63.549
63.77
63.77
63.77
63.77
63.77
64.05
64.229
64.409
64.409
64.409
64.469
64.469
64.53
64.72
64.91
64.91
64.91
64.99
65.069
65.16
65.16
65.16
65.16
65.16
65.38
65.5
65.619
65.74
65.86
65.86
65.86
65.98
66.09
66.23
66.32
66.43
66.43
66.43
66.53
66.63
66.75
66.84
66.84
66.84
66.84
66.93
67.0
67.1
67.19
67.27
67.27
67.27
67.37
67.46
67.54
67.64
67.73
67.73
67.73
67.82
67.9
68.0
68.09
68.18
68.18
68.18
68.18
68.27
68.36
68.45
68.54
68.54
68.54
68.63
68.71
68.81
68.9
68.99
68.99
68.99
69.08
69.17
69.26
69.31
69.37
69.37
69.37
69.37
69.61
69.67
69.74
69.8
69.8
69.8
69.97
70.03
70.1
70.16
70.22
70.22
70.22
70.4
70.46
70.52
70.58
70.64
70.64
70.64
70.82
70.87
70.94
70.94
70.94
70.94
70.94
71.24
71.3
71.36
71.42
71.48
71.48
71.48
71.66
71.72
71.78
71.84
71.9
71.9
71.9
72.08
72.14
72.2
72.26
72.32